0.0 0.0 10.0 0.0 0.03489418134011367 0.017441774902830158 0.0006090802009086826 0.9992386149554826
0.10101010101010101 1.008384202581046 9.949028158568304 0.10101010101010101 0.03701902085235769 0.011659751473971648 0.15821156706808964 0.9866421551588791
0.20202020202020202 2.0064885652268543 9.796632259996997 0.20202020202020202 0.03779801179277908 0.005648918434738817 0.31031542187106953 0.9498651162001954
0.30303030303030304 2.9841380444764107 9.544365884201449 0.30303030303030304 0.03723392713193984 -0.00019401739876068538 0.45195072889802884 0.8912654686882707
0.40404040404040403 3.931366121483298 9.194800727522775 0.40404040404040403 0.03544720126291526 -0.005502181503558553 0.5790763780561553 0.8144837446497584
0.5050505050505051 4.838516404379346 8.751500385908233 0.5050505050505051 0.03265374259619455 -0.009975115505063536 0.6888812831114339 0.724069615398869
0.6060606060606061 5.696341069089657 8.2189840263017 0.6060606060606061 0.029131558728058504 -0.013403169141227786 0.7799271425282303 0.6250482858874146
0.7070707070707071 6.496095135057065 7.602680316591506 0.7070707070707071 0.025182548292935848 -0.01567709809973064 0.8521285404550984 0.5224911658569062
0.8080808080808081 7.229625614794605 6.9088720837706745 0.8080808080808081 0.021095895676960734 -0.016783386272023727 0.9065916314326549 0.4211471179375544
0.9090909090909091 7.889454628442573 6.144632264484674 0.9090909090909091 0.01711822038359249 -0.01678839599792753 0.945350512406066 0.32517306927896716
1.0101010101010102 8.468855636029835 5.317751800910392 1.0101010101010102 0.013433520605518992 -0.01581597510593358 0.9710481330837144 0.2379809208533793
1.1111111111111112 8.961922010299563 4.436660217022285 1.1111111111111112 0.010153674197985171 -0.01402346356109534 0.986606560434323 0.1621966099460355
1.2121212121212122 9.363627251042848 3.510339684920502 1.2121212121212122 0.00731839036967811 -0.011580331684734397 0.9949221597067981 0.09971074768965148
1.3131313131313131 9.669876227092995 2.5482334572604866 1.3131313131313131 0.004902377644019933 -0.008652335635402521 0.9986084602055267 0.0517904140496552
1.4141414141414141 9.877546923600839 1.5601495992575853 1.4141414141414141 0.002827172130574167 -0.005392522915530033 0.9997967675798679 0.019218515322399723
1.5151515151515151 9.984522269003895 0.5561610016580674 1.5151515151515151 0.0009753991293929081 -0.0019390003031380097 0.9999946935676244 0.0024293437294501774
1.6161616161616161 9.989711717233568 -0.4534973060188524 1.6161616161616161 -0.0007940582639316836 0.0015817218754288374 0.9999971299821134 0.0016148234944115699
1.7171717171717171 9.8930623651434 -1.4585324951413532 1.7171717171717171 -0.0026307411192675358 0.0050477241057425215 0.9998429411494106 0.016783703888354626
1.8181818181818181 9.695559491823238 -2.448698866850789 1.8181818181818181 -0.004677323300409328 0.00833332533040441 0.9988129104995346 0.04776450727402222
1.9191919191919191 9.399216514301312 -3.413902300489206 1.9191919191919191 -0.0070542951115012634 0.011301830297726 0.995468707055746 0.09415178609650855
2.0202020202020203 9.007054462029554 -4.344303156782857 2.0202020202020203 -0.009844756831559172 0.013801716044004552 0.9877369657230998 0.1552039946048175
2.121212121212121 8.523071179396752 -5.230416586748752 2.121212121212121 -0.013080008380145648 0.015668227124671863 0.9730451158045642 0.2297098662409327
2.2222222222222223 7.952200570230491 -6.063209223738354 2.2222222222222223 -0.016727381467789786 0.016731656546296606 0.9485147514190774 0.3158480848744436
2.323232323232323 7.300262299764464 -6.834191272904034 2.323232323232323 -0.020682481697624044 0.016832528302177928 0.9112131534419197 0.41107114948171225
2.4242424242424243 6.573902466827755 -7.535503059294446 2.4242424242424243 -0.02476838877624464 0.015842503796561814 0.8584540713448632 0.5120470187222199
2.525252525252525 5.7805258510657325 -8.15999515227557 2.525252525252525 -0.028744117701774662 0.0136882817911196 0.7881263488636269 0.614689567884507
2.6262626262626263 4.928220425889235 -8.701301249459654 2.6262626262626263 -0.03232359948406249 0.010374375282266207 0.699016036132894 0.7142997539429461
2.727272727272727 4.025674906694966 -9.15390307713636 2.727272727272727 -0.035204634872446745 0.005999853470972337 0.5910778412845454 0.8058235669079344
2.8282828282828283 3.0820901749007685 -9.513186645587279 2.8282828282828283 -0.037105016651632405 0.0007643334790005136 0.4656088589977978 0.8842120921794633
2.929292929292929 2.107085480771929 -9.775489285796397 2.929292929292929 -0.037800856778226845 -0.005040091029651618 0.32528420542733266 0.9448470132295247
3.0303030303030303 1.1106003812412972 -9.938136988046939 3.0303030303030303 -0.037160757381504636 -0.011051801931281448 0.17403108603604217 0.9839766851292872
3.131313131313131 0.10279341240534698 -9.99947166176124 3.131313131313131 -0.035169391540974954 -0.016875207638871886 0.016742694255831386 0.999098605471371
3.2323232323232323 -0.9060614703340774 -9.95886803868673 3.2323232323232323 -0.03193554808943001 -0.02212367855312121 -0.1411387179247221 0.9892272367449612
3.3333333333333335 -1.9056796287548539 -9.816740047110791 3.3333333333333335 -0.027682518589575822 -0.026462715256595208 -0.2941156839623189 0.955002286548657
3.4343434343434343 -2.8858705872043244 -9.574536592123348 3.4343434343434343 -0.02272219664557973 -0.029645860164749408 -0.43713731471825723 0.898618825106398
3.5353535353535355 -3.8366419180611233 -9.234726784944765 3.5353535353535355 -0.01741750457821764 -0.03153727838765574 -0.566038470702102 0.8235912094549048
3.6363636363636362 -4.748301108222394 -8.800774771896732 3.6363636363636362 -0.012139897186423663 -0.03211773157860326 -0.6778580278315594 0.7343906101788453
3.7373737373737375 -5.611554368152017 -8.277104419618857 3.7373737373737375 -0.00722919388774205 -0.031474078422036485 -0.7710008949203774 0.6360147334576409
3.8383838383838382 -6.417601376193877 -7.669054216542901 3.8383838383838382 -0.002961835693825996 -0.029775549984201462 -0.8452362415394982 0.5335544397159901
3.9393939393939394 -7.158224992291902 -6.9828228503756 3.9393939393939394 0.00046869834415932607 -0.027242123999115134 -0.901550490615607 0.4318151918038985
4.040404040404041 -7.825875026542022 -6.225406016393301 4.040404040404041 0.002958416348067835 -0.024110995116834018 -0.941892629935257 0.33503459725949536
4.141414141414141 -8.4137452086087 -5.404525100747904 4.141414141414141 0.004487936248411679 -0.02060648211256604 -0.9688584125270117 0.24671564157712766
4.242424242424242 -8.915842573351402 -4.528548465812708 4.242424242424242 0.005109584940462368 -0.01691714290649051 -0.9853590457012769 0.16957374051511176
4.343434343434343 -9.327048555318335 -3.6064061400144807 4.343434343434343 0.004930516616693169 -0.01318194900995528 -0.9943113669171094 0.10557855769814689
4.444444444444445 -9.643171169287783 -2.647498781834829 4.444444444444445 0.004095579319269263 -0.009485619602415256 -0.9983738934944159 0.05606084230190309
4.545454545454545 -9.860987744909297 -1.6616018460355266 4.545454545454545 0.002772658811108018 -0.005861964121910346 -0.9997402164158159 0.02185061602354091
4.646464646464646 -9.978277779792126 -0.6587659290724678 4.646464646464646 0.0011419072293400365 -0.0023034330699192988 -0.9999908648407135 0.0034147443672963842
4.747474747474747 -9.993845576124357 0.3507856903860484 4.747474747474747 -0.0006110520034836079 0.0012250638152596345 -0.9999985949041404 0.0009674832517920619
4.848484848484849 -9.907532430056772 1.3567612713271913 4.848484848484849 -0.0022989302761095283 0.004769852687542496 -0.9998803374988688 0.014535271173008618
4.94949494949495 -9.720218249588333 2.3489055281917826 4.94949494949495 -0.003735289267014327 0.008371254933853522 -0.9989909886477092 0.0439656036646446
5.05050505050505 -9.433812584459996 3.3171041770321597 5.05050505050505 -0.004737751121212137 0.012046841008507265 -0.9959583398264393 0.08887864010093671
5.151515151515151 -9.051235159501367 4.251487044247725 5.151515151515151 -0.005133735561669114 0.01577667541577034 -0.9887628562296362 0.1485690257510627
5.252525252525253 -8.576386109880517 5.1425286867696265 5.252525252525253 -0.004769971015662917 0.019492260917042974 -0.9748688035853417 0.22187409703914548
5.353535353535354 -8.014106221689698 5.9811454979355325 5.353535353535354 -0.003526050611309838 0.023071094808095802 -0.9514127486776695 0.30703269077582634
5.454545454545454 -7.3701275831891335 6.758788309121297 5.454545454545454 -0.001331040748393431 0.02633872621374637 -0.9154506712200565 0.40156514838156876
5.555555555555555 -6.651015149788224 7.467529543114479 5.555555555555555 0.0018192008745687577 0.029079726458505824 -0.8642557481778055 0.5022081856749233
5.656565656565657 -5.864099818472351 8.10014403075603 5.656565656565657 0.005847477757377239 0.03105791654039774 -0.795646489623976 0.6049362581074894
5.757575757575758 -5.017403693939113 8.65018266697566 5.757575757575758 0.010587517600108013 0.032044572327506946 -0.7083118320983924 0.7050924750448223
5.858585858585858 -4.119558308308628 9.112038155344026 5.858585858585858 0.015786741486389387 0.03185141192128143 -0.6020895599946875 0.7976367770465866
5.959595959595959 -3.1797166281061866 9.481002170917641 5.959595959595959 0.021121826527518615 0.030363431672463324 -0.4781507932371058 0.8774985751486662
6.0606060606060606 -2.2074597455506333 9.753313358637337 6.0606060606060606 0.026227003820746626 0.027565667155654006 -0.33904912080981153 0.9399989212456278
6.161616161616162 -1.2126992053716676 9.926195677967009 6.161616161616162 0.030732209374680686 0.02355819597190524 -0.18860908283276998 0.981288518521684
6.262626262626262 -0.20557596287260063 9.997886702873213 6.262626262626262 0.03430561517354626 0.01855536479565069 -0.03165310763750649 0.9987376552337222
6.363636363636363 0.8036429967028174 9.967655588645231 6.363636363636363 0.036693478679854265 0.012868084828975918 0.1264060334133064 0.9912161801201186
6.4646464646464645 1.8046693235991094 9.83581052239521 6.4646464646464645 0.037750223354262515 0.006871453724300331 0.28005507284758707 0.9592167950639472
6.565656565656566 2.7872981867755726 9.603695581285237 6.565656565656566 0.03745333279184311 0.0009630409261154136 0.42418418758029736 0.9048005832346713
6.666666666666667 3.7415123057121997 9.273677030509752 6.666666666666667 0.035900627704381384 -0.0044809276080873695 0.5545340561917919 0.831374191770277
6.767676767676767 4.657584070256517 8.849119200716688 6.767676767676767 0.03329101247348413 -0.009144043598986767 0.6680262740308648 0.7433363923282582
6.8686868686868685 5.526174707464059 8.334350190781795 6.8686868686868685 0.02989289324197178 -0.012796903317527008 0.7629396177631509 0.6456514491941633
6.96969696969697 6.338429484489057 7.734617745574747 6.96969696969697 0.026006412002796277 -0.015309772700595487 0.8389222743009683 0.5434139260971216
7.070707070707071 7.086067976992182 7.056035758515254 7.070707070707071 0.021926039475600553 -0.016650634507369658 0.896856579565988 0.44146379336545033
7.171717171717171 7.761468482835805 6.305521944291881 7.171717171717171 0.017909027958830058 -0.016871269006143413 0.938612516109987 0.34409471312615614
7.2727272727272725 8.357745720522589 5.490727317130796 7.2727272727272725 0.014153228402893566 -0.01608578535589628 0.9667360861921073 0.2548769767735522
7.373737373737374 8.868821020290788 4.619958193539013 7.373737373737374 0.010785480995961884 -0.014446575734236671 0.9841184830023729 0.1765949638646264
7.474747474747475 9.289484292312514 3.702091514654802 7.474747474747475 0.007859799883268665 -0.012122134621156534 0.9936839185648035 0.11128138830783191
7.575757575757575 9.615447140268236 2.746484351440477 7.575757575757575 0.005363280101565511 -0.009279932972698827 0.9981215825038996 0.060319355189570156
7.6767676767676765 9.843386578838235 1.7628785152548898 7.6767676767676765 0.0032271759396443416 -0.006075994382179444 0.9996742223475799 0.024578787632506243
7.777777777777778 9.970978909438749 0.7613012462407193 7.777777777777778 0.0013408166562864704 -0.002651352489035534 0.9999852118962482 0.00455505537710409
7.878787878787879 9.996923408861116 -0.24803700805447837 7.878787878787879 -0.0004333244403274232 0.0008656029906365149 0.9999994148868574 0.0004828947452352733
7.979797979797979 9.920955589323228 -1.254846681740918 7.979797979797979 -0.0022443135876146995 0.00435268695683263 0.9999110476489161 0.0124062066089227
8.080808080808081 9.743849894755357 -2.248863986210817 8.080808080808081 -0.0042374625394490375 0.0076856431472084015 0.9991533995132981 0.04019277350047107
8.181818181818182 9.467411805833542 -3.2199555429793807 8.181818181818182 -0.00653901840645367 0.010730471031746937 0.9964292448377793 0.08349166582198396
8.282828282828282 9.094459434244625 -4.158221687077173 8.282828282828282 -0.009240901490546767 0.013338736356504932 0.9897852454165228 0.14163986659061545
8.383838383838384 8.628794793817836 -5.054097387880672 8.383838383838384 -0.012386041651314676 0.015347934245447246 0.9767366897824421 0.2135332894877208
8.484848484848484 8.075165041395625 -5.8984497585570725 8.484848484848484 -0.015955598837923197 0.016588351918386368 0.9544488671435062 0.2974854709978835
8.585858585858587 7.439214082568444 -6.6826711600762865 8.585858585858587 -0.01986010595707255 0.01689689274017728 0.9199771086589348 0.39110381070841926
8.686868686868687 6.727425035622647 -7.398766950653171 8.686868686868687 -0.023937047170175314 0.016136988372474105 0.8705588452592672 0.49121676714042495
8.787878787878787 5.947054140244975 -8.0394369860703 8.787878787878787 -0.027957286055117582 0.014222183786047298 0.8039389513253311 0.5938840646007562
8.88888888888889 5.1060567847428295 -8.59815004003662 8.88888888888889 -0.03164188141112175 0.011139527218900129 0.7186965202155395 0.6945142288709273
8.98989898989899 4.213006405886069 -9.06921038591359 8.98989898989899 -0.03468916233199814 0.006967946108123848 0.6145304745369459 0.7880992358891961
9.09090909090909 3.277007088134998 -9.447815861050266 9.09090909090909 -0.03680973040319137 0.0018867588101498557 0.492456827696689 0.8695560687751825
9.191919191919192 2.307600753250518 -9.73010682179788 9.191919191919192 -0.03776482463928263 -0.003829374003209804 0.35487501741454774 0.9341428562750624
9.292929292929292 1.3146698864295843 -9.913205490138658 9.292929292929292 -0.03740188009752362 -0.009830453777943712 0.20547563666718618 0.9778978598401291
9.393939393939394 0.3083367906114098 -9.995245290814802 9.393939393939394 -0.03568073583426277 -0.01572446754022749 0.04898545687785519 0.9980381010890164
9.494949494949495 -0.7011396040064677 -9.975389879884077 9.494949494949495 -0.03268512078769695 -0.02111935762979467 -0.10922654800786015 0.993254859954224
9.595959595959595 -1.703468323280965 -9.85384167071799 9.595959595959595 -0.028616639793882726 -0.02566676479038572 -0.26363267181960504 0.9638568978128229
9.696969696969697 -2.6884312591038406 -9.631839770525325 9.696969696969697 -0.023771908110596762 -0.029099979200974777 -0.40905252972653566 0.9117368674785538
9.797979797979798 -3.645987336558887 -9.311647348436916 9.797979797979798 -0.018506854318804992 -0.031259605881103165 -0.5411102858477004 0.8401666453348412
9.8989898989899 -4.566374876337738 -8.896528563926015 9.8989898989899 -0.013194629009253485 -0.03210302011053906 -0.656581251717453 0.7534562746160081
10.0 -5.440211108893697 -8.390715290764524 10.0 -0.008184409611983162 -0.03169704749348269 -0.7535872371894489 0.6565322448780961
