0.0 118.7305065530177 7.207920402656652 -90.93176716653446 0.20840815012474434 -0.10607345268221954 0.9085845347488705 -0.34610491012528805
0.10101010101010101 116.56254689395773 -30.701124532109688 -88.96285551956598 0.18331911553024147 -0.1296829466417043 0.9540276787959006 -0.19851353435683128
0.20202020202020202 103.3066521193796 -65.92357284597989 -86.66101618457554 0.15359491915763931 -0.14970806929882544 0.9755669166606877 -0.04759501983333192
0.30303030303030304 80.68831127749093 -95.18091659195842 -84.25746201302712 0.12050190681007529 -0.16544750888537954 0.9735688604228665 0.10134143414062813
0.40404040404040403 51.43273569785158 -116.17811966895914 -81.96724248991846 0.08548697993298937 -0.1765218402464783 0.9498906797995569 0.24339209643673526
0.5050505050505051 18.74265131429327 -127.87346861533446 -79.956943691349 0.050037028402503854 -0.18289431571864848 0.9076496362962262 0.37445707737707773
0.6060606060606061 -14.254223233756246 -130.48328960200882 -78.32523366850978 0.015545249567580804 -0.18485080835507167 0.8508824328793666 0.49151562465871673
0.7070707070707071 -44.961545197346304 -125.25863616258614 -77.098725168048 -0.016797340983089236 -0.1829453767518748 0.7841509545982618 0.5927529998773917
0.8080808080808081 -71.59289234810367 -114.12304066645501 -76.2413359686072 -0.046073022298746664 -0.17792297415624464 0.7121525495460925 0.6775392520427549
0.9090909090909091 -93.25035878935 -99.27723106064448 -75.67236372191357 -0.07166658595870144 -0.17063295643667747 0.6393835131818971 0.7462821300995206
1.0101010101010102 -109.833252001336 -82.86033484926652 -75.2875261670019 -0.0932554536093185 -0.16194621422574762 0.5698875108149347 0.8001906454634583
1.1111111111111112 -121.83736490141027 -66.72057337636424 -74.97806795006571 -0.1107689683571017 -0.1526856652585496 0.5071010040041507 0.8409910195784732
1.2121212121212122 -130.11084211323927 -52.3080714834766 -74.64495816327172 -0.1243280401752265 -0.14357560316084633 0.4537897060104505 0.8706339571382082
1.3131313131313131 -135.6194063402446 -40.67071899034649 -74.20732785896116 -0.13417669277577224 -0.13521114241633292 0.41205671880779127 0.8910240302974902
1.4141414141414141 -139.2519179797869 -32.51655911408343 -73.60597518077957 -0.14061549723617836 -0.1280455854429551 0.38339564148605343 0.9037916751525712
1.5151515151515151 -141.67647034133495 -28.30208711085567 -72.80370793159264 -0.14394425704449715 -0.12239141179996814 0.36876043782354817 0.9101187464708675
1.6161616161616161 -143.2435348194877 -28.310758971958833 -71.7845159238077 -0.14441846530884153 -0.11842979852454703 0.368627114192397 0.9106216230583698
1.7171717171717171 -143.92812093197074 -32.69523721912067 -70.55324256411618 -0.14222158737648027 -0.1162238916506311 0.38302885009033266 0.9052921777482527
1.8181818181818181 -143.30644157525657 -41.467497562580036 -69.13674806760264 -0.1374534190182753 -0.11573210006641095 0.4115548046821478 0.8934961003593939
1.9191919191919191 -140.57114424405128 -54.43228489286183 -67.58666287319377 -0.13013363474843587 -0.11681910917363944 0.4533123349394158 0.8740288667033903
2.0202020202020203 -134.59855226408743 -71.07253667920904 -65.98281491311741 -0.12021897961359769 -0.11926381908047017 0.5068619544361477 0.8452304404978412
2.121212121212121 -124.0865323080054 -90.41125414393375 -64.43540327263544 -0.1076320917052623 -0.12276479516437239 0.570143177380919 0.8051589254236642
2.2222222222222223 -107.77737041422125 -110.8918737348322 -63.083218688452405 -0.0922994105873776 -0.126944941309141 0.6404163401323211 0.7518196006840769
2.323232323232323 -84.76252655422033 -130.3339282537699 -62.08505184120886 -0.07419486921585815 -0.13135786416886222 0.7142491752348927 0.6834386209304475
2.4242424242424243 -54.835339992918925 -146.0245631446576 -61.60230958412741 -0.05338508144048843 -0.13549869092483902 0.7875758025335226 0.5987607978992324
2.525252525252525 -18.820257473243732 -154.99001499244136 -61.77303294337042 -0.030070699853478235 -0.13882183426801561 0.8558486886448495 0.4973401989440197
2.6262626262626263 21.22294593691534 -154.44912725380215 -62.68076568228493 -0.0046178615218938875 -0.14076729696853915 0.9142907466503999 0.3797837200942004
2.727272727272727 62.02572090816771 -142.38804827472555 -64.3251676821781 0.022426423666517203 -0.14079558845850668 0.9582363688745339 0.2479046573953397
2.8282828282828283 99.43739074953807 -118.12955090231392 -66.60343534791144 0.0503400809865566 -0.1384293454037607 0.9835298507911571 0.10474838986866443
2.929292929292929 129.04324105026006 -82.73019949050206 -69.31097121637669 0.07825585200470819 -0.1332976424934798 0.9869318521758096 -0.045533276771209615
3.0303030303030303 146.96584079630532 -39.050834273391786 -72.16562054323855 0.10521473998885175 -0.12517723453125001 0.96647416020668 -0.1979601376463948
3.131313131313131 150.65770646226102 8.579403015463367 -74.8529476372704 0.13023850942388812 -0.11402412048652542 0.9217039410808425 -0.3471286153666405
3.2323232323232323 139.46558467744447 55.065767911369115 -77.08278680623235 0.15241293247912976 -0.09998928415532071 0.8537722825306869 -0.48769389031395444
3.3333333333333335 114.7961601011236 95.45626913850064 -78.64267481772075 0.1709708213473805 -0.08341437864959285 0.7653462028518294 -0.6148627566071885
3.4343434343434343 79.82825418681367 125.82159486155417 -79.43397429145422 -0.18536315429677777 0.06480622441909839 -0.660353366661275 0.7248269348229341
3.5353535353535355 38.85472700116155 143.88023260458124 -79.48173124296522 -0.19530814642085637 0.044792648796988715 -0.5435976097690286 0.8150766744354778
3.6363636363636362 -3.556138409440372 149.2281790716699 -78.91753071199133 -0.20081170142397697 0.024065557353069113 -0.4203043202576516 0.8845562660980065
3.7373737373737375 -43.35452642071236 143.15984269242654 -77.9425202617476 -0.20215752461975076 0.0033193767123312094 -0.29566320677551583 0.9336512117151002
3.8383838383838382 -77.57516611769118 128.18384834646037 -76.78243359651303 -0.1998701630942002 -0.016806382139007144 -0.17443088415637842 0.964024548482309
3.9393939393939394 -104.58604489705213 107.40329053462507 -75.646625429144 -0.19465824692719638 -0.035772800426120625 -0.06063939565482519 0.9783411150245711
4.040404040404041 -124.0327024275365 83.93065601985023 -74.69957954726367 -0.1873474317081425 -0.053170284342845237 0.0425658882372059 0.979929592294182
4.141414141414141 -136.56541181703096 60.45733248052848 -74.04811504403852 -0.17881269615424542 -0.06872829655212316 0.1329589623179606 0.9724321854435013
4.242424242424242 -143.46540211953578 39.02606797443251 -73.74275698851199 -0.16991796898396677 -0.08230707587675955 0.20915578663693069 0.9594828221460079
4.343434343434343 -146.27368356692517 20.990881140340832 -73.7888312885852 -0.16146817432196078 -0.09387470200883724 0.27045855083653736 0.9444404381872289
4.444444444444445 -146.48939370324877 7.109720622956662 -74.16207077253736 -0.15417548319382277 -0.10347423926111185 0.31665827388515083 0.9301884431508286
4.545454545454545 -145.36352872034016 -2.296727933558551 -74.82433205438915 -0.14863856630521372 -0.11118608420249135 0.3478309811785362 0.9189982806397539
4.646464646464646 -143.78240205684307 -7.1785852677532676 -75.73655056033583 -0.14533147620843961 -0.11709028992508899 0.3641570856938902 0.9124462959359674
4.747474747474747 -142.21884452387243 -7.623607593515144 -76.86755350035452 -0.14459770204103098 -0.12123289811313283 0.36578605078986365 0.911369658276541
4.848484848484849 -140.72700398994877 -3.7797773904893184 -78.19839458199726 -0.14664496804357055 -0.12359950859950498 0.35276062459248747 0.9158484353639411
4.94949494949495 -138.96409535600006 4.158913868621611 -79.7224020910276 -0.15153736464756584 -0.12409866024824753 0.3250077466803256 0.9252058766772063
5.05050505050505 -136.2342463795216 15.907329844000763 -81.44131148796347 -0.15918319702688566 -0.12255711994794799 0.28239666144969466 0.9380258992887298
5.151515151515151 -131.56084813628138 30.997899393586373 -83.35795175070675 -0.16931924422641992 -0.1187287446348462 0.224858346054636 0.9521938893637162
5.252525252525253 -123.80050738057041 48.6658457597227 -85.46621864202507 -0.18149461464685182 -0.11231794752485647 0.15255352724815474 0.9649724373484151
5.353535353535354 -111.810575943418 67.74359934855055 -87.73963212204794 -0.19505964779290458 -0.10301769484869644 0.06606916597661171 0.9731258673255602
5.454545454545454 -94.67135754390237 86.60531753482726 -90.1205892167039 -0.20916684327443186 -0.09056020714834755 -0.03338408758970221 0.973105124460693
5.555555555555555 -71.94400035950895 103.20418861867113 -92.5132188809763 -0.2227910491411512 -0.07477617290375735 -0.14380689188765328 0.9612971706158638
5.656565656565657 -43.920163813055176 115.23479935882324 -94.78307233081522 -0.2347746484962651 -0.05565562693718546 -0.262314492222603 0.9343310027948777
5.757575757575758 -11.798465955740564 120.4268561817107 -96.76625761656231 -0.24390005195324993 -0.033401322895869855 -0.3851408339637581 0.8894175927536563
5.858585858585858 22.283360110541533 116.937243489651 -98.28877958730368 -0.24898670305071421 -0.008464246366223975 -0.507765687393161 0.8246865980137776
5.959595959595959 55.41344828874793 103.7647642625624 -99.19397406241066 -0.249003874538624 0.01844835894865064 -0.6251696161114727 0.7394725685296843
6.0606060606060606 84.27646724767538 81.08204002189609 -99.3728098188922 0.2431851184743886 -0.04639901379320543 0.7321995411482645 -0.634501348788075
6.161616161616162 105.67784798660446 50.378251050696676 -98.78966761985224 0.23112688920297642 -0.07428140260205625 0.8240050681536318 -0.5119358182154817
6.262626262626262 117.11257826462167 14.342829282915142 -97.49612505468416 0.2128538933645471 -0.10091196122004459 0.8964880137086423 -0.37525889388395794
6.363636363636363 117.23999463806642 -23.51260076148986 -95.62776131212496 0.18883770094585464 -0.12514013035154645 0.9466996854605072 -0.22899776423812185
6.4646464646464645 106.13966070083374 -59.42004667418913 -93.38349142120452 0.1599625760792347 -0.14596125506148047 0.9731254231563696 -0.07832111517151077
6.565656565656566 85.27975341880901 -89.9767813236998 -90.99194612421826 0.1274418025080751 -0.16261477502567648 0.9758134745609326 0.07143587881563201
6.666666666666667 57.20976747658268 -112.67423231413437 -88.67309297141867 0.09269677540717723 -0.17465269787427667 0.9563318315235052 0.215251413396628
6.767676767676767 25.064675498948564 -126.21666797581454 -86.60429762367487 0.05721760235742396 -0.1819688798551957 0.9175660850216165 0.3488351363650408
6.8686868686868685 -7.988605697320353 -130.57802800555226 -84.89810298854559 0.022426387707886436 -0.18478696769968078 0.863396888876424 0.4689313872852239
6.96969696969697 -39.23194127738097 -126.8200287070697 -83.59507160705631 -0.010437605868888462 -0.18361215160416453 0.7983117716006852 0.5734770697166456
7.070707070707071 -66.71206978927668 -116.75204756579882 -82.67067681604001 -0.04039729962589631 -0.1791574432665889 0.7270101031407676 0.6616093852390283
7.171717171717171 -89.35810836535279 -102.53728322315474 -82.05194670756082 -0.06677553578561261 -0.17225795081431688 0.6540525567140364 0.7335417365478457
7.2727272727272725 -106.92114458549769 -86.33935655035305 -81.63819613601513 -0.08919262558622813 -0.16378635918174572 0.5835906245506702 0.7903421328915611
7.373737373737374 -119.79171907023752 -70.07011201671298 -81.32070458870074 -0.10753106374255171 -0.15458011279245068 0.5191922519253627 0.8336554831584443
7.474747474747475 -128.76128961615728 -55.258969815720725 -80.99795636647815 -0.1218782151266831 -0.14538669545166144 0.4637609826047488 0.8654098222672642
7.575757575757575 -134.78370601924726 -43.030325562524744 -80.58518646963513 -0.1324586285082816 -0.13682906750490778 0.41953152199684146 0.8875391935404635
7.6767676767676765 -138.77204146286772 -34.15515858275958 -80.01876577848239 -0.139566395886683 -0.12938968478447183 0.38811600864168294 0.9017458036756401
7.777777777777778 -141.44472911330493 -29.136465107893443 -79.25705173213306 -0.143505498197712 -0.12340912035230746 0.3705726570360676 0.9093141739014767
7.878787878787879 -143.219669385763 -28.291520426771815 -78.27968913545979 -0.14454322154683122 -0.1190942592956642 0.36747084160999116 0.9109824340096385
7.979797979797979 -144.14862922188132 -31.802513871268097 -77.08712163020435 -0.1428791503668107 -0.11653115084587928 0.37893272158658226 0.9068715630032617
8.080808080808081 -143.88634897700098 -39.71744347064627 -75.70146069165948 -0.13863029709327518 -0.11569853350089179 0.40463977778696136 0.896472052161188
8.181818181818182 -141.69662728577862 -51.89427218925914 -74.16900335038918 -0.13183166735449514 -0.11647942551074877 0.443802028176486 0.8786880645039269
8.282828282828282 -136.50725951173155 -67.89402510252174 -72.56369092402967 -0.12245082333964083 -0.11866968328516891 0.49509733153514496 0.8519401002648136
8.383838383838384 -127.03216000226594 -86.84387528277122 -70.98977104683175 -0.11041452534094676 -0.12198385145355506 0.5565972408814591 0.814326767349224
8.484848484848484 -111.97703209569231 -107.30884449424889 -69.58107365779179 -0.09564503007892279 -0.12605981277288594 0.6257033000987308 0.7638431331565563
8.585858585858587 -90.3302134597807 -127.2267398238578 -68.49398919685882 -0.07810291856875615 -0.13046458625343285 0.6991221490490515 0.6986466535766124
8.686868686868687 -61.711770139263145 -143.96780046435651 -67.89187681716845 -0.057832378692396644 -0.13470401865603243 0.7729077845116996 0.6173522495090712
8.787878787878787 -26.71663767586834 -154.5687958159043 -67.92054866732289 -0.0350038182983425 -0.13823896761661947 0.8425934945325676 0.5193273760434972
8.88888888888889 12.845642946634323 -156.1543064963815 -68.67757819823895 -0.009947838006568526 -0.1405098045619602 0.9034238335017338 0.40494865403157787
8.98989898989899 53.92307263728402 -146.4978584156965 -70.1817130085947 0.016825645011590267 -0.14096966418083326 0.9506794542974885 0.2757771321689246
9.09090909090909 92.48600284119658 -124.60796267283911 -72.35124687836776 0.04462856571936066 -0.13912495916635953 0.9800673501171122 0.13461250348022336
9.191919191919192 124.09449432816999 -91.17601250263405 -75.00024655850535 0.07261961040779298 -0.13457956321289669 0.9881303298117668 -0.014600844350074837
9.292929292929292 144.67972969821838 -48.72305438202784 -77.8580838416108 0.09985309842553619 -0.12707720288893584 0.9726172862138293 -0.16702202788491882
9.393939393939394 151.36012908491915 -1.3454301265578028 -80.61124451479314 0.12534816410686103 -0.11653552608741735 0.9327542268508292 -0.31729617269434585
9.494949494949495 143.07087266217803 45.92672897458675 -82.95894408016883 0.14817064202715752 -0.10306548885642232 0.869367112728528 -0.4600258570494809
9.595959595959595 120.81948299285565 88.01831666950412 -84.66867010218661 0.16751709944635124 -0.08697132766349856 0.7848300559419488 -0.5902675603890893
9.696969696969697 87.48543336451455 120.71880016683191 -85.61690690303602 -0.18278929164956512 0.06872928508407411 -0.6828418590774881 0.7039824967438341
9.797979797979798 47.22050232411539 141.37638403982103 -85.80464909845381 -0.19364839513736812 0.04894686734155793 -0.5680635679664503 0.7983785355252206
9.8989898989899 4.62416521060439 149.2132928218087 -85.3452266754608 -0.2000415910194935 0.028307906041359656 -0.4456727292965403 0.8720996747386826
10.0 -36.08003088570735 145.22235490701377 -84.43025149568102 -0.20219824277419465 0.007511227674058411 -0.3209012761969711 0.9252468984076692
